<?xml version="1.0"?>
<opencv_storage>
<Intrinsic type_id="opencv-matrix">
  <rows>3</rows>
  <cols>3</cols>
  <dt>d</dt>
  <data>
    8.3202965447370434e+002 0. 3.0106722111358147e+002 0.
    8.1492018007231695e+002 2.1626998562979384e+002 0. 0. 1.</data></Intrinsic>
<Distortion type_id="opencv-matrix">
  <rows>1</rows>
  <cols>14</cols>
  <dt>d</dt>
  <data>
    3.0250780529999055e+001 1.8977104082213330e+002
    -7.2513432957116951e-003 -1.3552868763444565e-002
    2.2338600936681894e+002 2.9631427169140427e+001
    2.0318526963296094e+002 1.4737396418616899e+002 0. 0. 0. 0. 0. 0.</data></Distortion>
</opencv_storage>
