<?xml version="1.0"?>
<opencv_storage>
<Intrinsic type_id="opencv-matrix">
  <rows>3</rows>
  <cols>3</cols>
  <dt>d</dt>
  <data>
    7.0015891251992559e+002 0. 4.4354064113792606e+002 0.
    7.0014475974833351e+002 4.8918424532859586e+002 0. 0. 1.</data></Intrinsic>
<Distortion type_id="opencv-matrix">
  <rows>1</rows>
  <cols>14</cols>
  <dt>d</dt>
  <data>
    -3.3601048737553368e-001 9.2416799173078434e-002
    1.3676207239170373e-004 3.6912951744655923e-004
    2.1298497411232263e-002 5.9101787045422001e-003
    -7.7228677418843705e-002 7.7355974012209089e-002 0. 0. 0. 0. 0. 0.</data></Distortion>
</opencv_storage>
