<?xml version="1.0"?>
<opencv_storage>
<R type_id="opencv-matrix">
  <rows>3</rows>
  <cols>3</cols>
  <dt>d</dt>
  <data>
    9.9770861991179749e-001 4.1709338664461214e-002
    -5.3271388398178576e-002 -3.5223811296857886e-002
    9.9246454430255227e-001 1.1736017816981462e-001
    5.7764979627968893e-002 -1.1521484006194935e-001
    9.9165959268192416e-001</data></R>
<T type_id="opencv-matrix">
  <rows>3</rows>
  <cols>1</cols>
  <dt>d</dt>
  <data>
    -1.4695405154979554e-001 -1.1053890597359199e-002
    -2.2701903085153057e-002</data></T>
<E type_id="opencv-matrix">
  <rows>3</rows>
  <cols>3</cols>
  <dt>d</dt>
  <data>
    -1.4381753155172381e-003 2.3804406137444160e-002
    -8.2973972564603475e-003 -1.4161086602438004e-002
    -1.7878168909871581e-002 1.4693775679945573e-001
    1.6204843713645965e-002 -1.4538563533829646e-001
    -1.7835409771983023e-002</data></E>
<F type_id="opencv-matrix">
  <rows>3</rows>
  <cols>3</cols>
  <dt>d</dt>
  <data>
    9.6346574106382546e-008 -1.6281916771759702e-006
    7.8561516447067041e-004 9.4914891243887500e-007
    1.2234452654840918e-006 -8.7446167703652301e-003
    -1.1239410779179189e-003 8.3485639284583604e-003 1.</data></F>
<R1 type_id="opencv-matrix">
  <rows>3</rows>
  <cols>3</cols>
  <dt>d</dt>
  <data>
    9.8948275738765878e-001 9.7140324150346138e-002
    1.0718036320371918e-001 -1.0346737832088267e-001
    9.9310386438709175e-001 5.5129086359454592e-002
    -1.0108597556495570e-001 -6.5638951571384330e-002
    9.9271000477515636e-001</data></R1>
<R2 type_id="opencv-matrix">
  <rows>3</rows>
  <cols>3</cols>
  <dt>d</dt>
  <data>
    9.8555748822084033e-001 7.4133680135452101e-002
    1.5225187973027690e-001 -6.4745392793205014e-002
    9.9573484902087894e-001 -6.5727806576983086e-002
    -1.5647514666515519e-001 5.4920924199636088e-002
    9.8615375097455082e-001</data></R2>
<P1 type_id="opencv-matrix">
  <rows>3</rows>
  <cols>4</cols>
  <dt>d</dt>
  <data>
    8.1097107658194739e+002 0. 1.9083802032470703e+002 0. 0.
    8.1097107658194739e+002 2.1432648372650146e+002 0. 0. 0. 1. 0.</data></P1>
<P2 type_id="opencv-matrix">
  <rows>3</rows>
  <cols>4</cols>
  <dt>d</dt>
  <data>
    8.1097107658194739e+002 0. 1.9083802032470703e+002
    -1.2092190137843311e+002 0. 8.1097107658194739e+002
    2.1432648372650146e+002 0. 0. 0. 1. 0.</data></P2>
<Q type_id="opencv-matrix">
  <rows>4</rows>
  <cols>4</cols>
  <dt>d</dt>
  <data>
    1. 0. 0. -1.9083802032470703e+002 0. 1. 0. -2.1432648372650146e+002
    0. 0. 0. 8.1097107658194739e+002 0. 0. 6.7065690113816494e+000 0.</data></Q>
</opencv_storage>
