<?xml version="1.0"?>
<opencv_storage>
<R type_id="opencv-matrix">
  <rows>3</rows>
  <cols>3</cols>
  <dt>d</dt>
  <data>
    9.9989654575639386e-001 -3.4986510576601393e-004
    1.4379686326186953e-002 3.3344872528956801e-004
    9.9999929001643173e-001 1.1440186100354314e-003
    -1.4380076369037943e-002 -1.1391053683799293e-003
    9.9989595250834995e-001</data></R>
<T type_id="opencv-matrix">
  <rows>3</rows>
  <cols>1</cols>
  <dt>d</dt>
  <data>
    -5.0632371355256119e-002 -1.1386672308288169e-005
    9.8072655000678051e-005</data></T>
<E type_id="opencv-matrix">
  <rows>3</rows>
  <cols>3</cols>
  <dt>d</dt>
  <data>
    1.3103901558665376e-007 -9.8059614751150150e-005
    -1.1497684496052611e-005 -6.3003485786573561e-004
    -5.7709918224392964e-005 5.0628513438036399e-002
    -5.4978053780808645e-006 -5.0632339390903745e-002
    -5.7760638324545635e-005</data></E>
<F type_id="opencv-matrix">
  <rows>3</rows>
  <cols>3</cols>
  <dt>d</dt>
  <data>
    7.1785739234894488e-010 -5.3720063410022230e-007
    2.1837108119669195e-004 -3.4522422099502366e-006
    -3.1622479353300128e-007 1.9592134346615514e-001
    1.6235098672061255e-003 -1.9297146075927640e-001 1.</data></F>
<R1 type_id="opencv-matrix">
  <rows>3</rows>
  <cols>3</cols>
  <dt>d</dt>
  <data>
    9.9992257327773693e-001 -1.2276945881257374e-004
    1.2443165886889165e-002 1.1567473194687551e-004
    9.9999983035273021e-001 5.7088866435642672e-004
    -1.2443233863632410e-002 -5.6940510243983010e-004
    9.9992241784492664e-001</data></R1>
<R2 type_id="opencv-matrix">
  <rows>3</rows>
  <cols>3</cols>
  <dt>d</dt>
  <data>
    9.9999809881936164e-001 2.2488874914176728e-004
    -1.9369519128170148e-003 -2.2599308158671510e-004
    9.9999981204813049e-001 -5.6993932179015148e-004
    1.9368233758221189e-003 5.7037597596421279e-004
    9.9999796169115107e-001</data></R2>
<P1 type_id="opencv-matrix">
  <rows>3</rows>
  <cols>4</cols>
  <dt>d</dt>
  <data>
    4.7728706882150135e+002 0. 4.4653486633300781e+002 0. 0.
    4.7728706882150135e+002 4.8929626464843750e+002 0. 0. 0. 1. 0.</data></P1>
<P2 type_id="opencv-matrix">
  <rows>3</rows>
  <cols>4</cols>
  <dt>d</dt>
  <data>
    4.7728706882150135e+002 0. 4.4653486633300781e+002
    -2.4166222055985411e+001 0. 4.7728706882150135e+002
    4.8929626464843750e+002 0. 0. 0. 1. 0.</data></P2>
<Q type_id="opencv-matrix">
  <rows>4</rows>
  <cols>4</cols>
  <dt>d</dt>
  <data>
    1. 0. 0. -4.4653486633300781e+002 0. 1. 0. -4.8929626464843750e+002
    0. 0. 0. 4.7728706882150135e+002 0. 0. 1.9750173101769064e+001 0.</data></Q>
</opencv_storage>
